2008 6 27 0
2012 1 1 0
2012 8 7 0
2015 9 15 0
 2.00200000e+03 1.00000000e+00 1.00000000e+00 6.94444444e-04
 2.01600000e+03 1.00000000e+00 1.00000000e+00 0.00000000e+00
 2.00000000e+03 5.00000000e+00 1.20000000e+01 7.80070833e-01
 2.00100000e+03 4.00000000e+00 1.70000000e+01 7.09616898e-02
 2.00100000e+03 6.00000000e+00 2.30000000e+01 8.56413542e-01
 2.00100000e+03 6.00000000e+00 2.60000000e+01 1.79529861e-01
 2.00100000e+03 7.00000000e+00 7.00000000e+00 4.01892593e-01
 2.00100000e+03 7.00000000e+00 2.40000000e+01 2.08438542e-01
 2.00200000e+03 3.00000000e+00 2.80000000e+01 2.05814815e-01
 2.00300000e+03 8.00000000e+00 1.10000000e+01 1.85163194e-02
 2.00400000e+03 3.00000000e+00 1.90000000e+01 2.51384144e-01
 2.00500000e+03 6.00000000e+00 1.30000000e+01 9.47614583e-01
 2.00500000e+03 1.10000000e+01 1.70000000e+01 8.10352894e-01
 2.00600000e+03 4.00000000e+00 9.00000000e+00 8.68588194e-01
 2.00700000e+03 2.00000000e+00 1.40000000e+01 5.98467593e-01
 2.00700000e+03 3.00000000e+00 2.40000000e+01 8.01279861e-01
 2.00700000e+03 8.00000000e+00 1.50000000e+01 9.86781134e-01
 2.00700000e+03 1.10000000e+01 1.40000000e+01 6.53362616e-01
 2.00700000e+03 1.10000000e+01 1.50000000e+01 6.29147569e-01
 2.00700000e+03 1.20000000e+01 1.60000000e+01 3.39790856e-01
 2.00800000e+03 1.00000000e+00 2.20000000e+01 3.81572685e-01
 2.00800000e+03 2.00000000e+00 4.00000000e+00 7.09374769e-01
 2.00800000e+03 3.00000000e+00 1.00000000e+00 8.27769792e-01
 2.00800000e+03 3.00000000e+00 2.40000000e+01 8.60504977e-01
 2.00800000e+03 9.00000000e+00 1.00000000e+01 6.75046875e-01
 2.00900000e+03 4.00000000e+00 1.70000000e+01 8.89896991e-02
 2.00900000e+03 1.10000000e+01 1.30000000e+01 1.29134491e-01
 2.01000000e+03 2.00000000e+00 2.70000000e+01 2.73744560e-01
 2.01000000e+03 8.00000000e+00 3.00000000e+00 2.28680556e-01
 2.01000000e+03 8.00000000e+00 5.00000000e+00 8.58230440e-01
 2.01100000e+03 7.00000000e+00 2.40000000e+01 7.94118056e-02
 2.01200000e+03 7.00000000e+00 1.80000000e+01 7.66767130e-01
 2.01300000e+03 8.00000000e+00 5.00000000e+00 2.36759954e-01
 2.01400000e+03 1.00000000e+00 4.00000000e+00 8.19444444e-03
 2.01400000e+03 1.00000000e+00 8.00000000e+00 1.82062269e-01
 2.01400000e+03 3.00000000e+00 1.60000000e+01 8.86453704e-01
 2.01400000e+03 3.00000000e+00 1.70000000e+01 2.16375694e-01
 2.01400000e+03 3.00000000e+00 1.80000000e+01 8.93581019e-01
 2.01400000e+03 3.00000000e+00 2.20000000e+01 5.41656829e-01
 2.01400000e+03 3.00000000e+00 2.30000000e+01 7.63911227e-01
 2.01400000e+03 3.00000000e+00 2.40000000e+01 4.76844907e-01
 2.01400000e+03 3.00000000e+00 2.40000000e+01 4.86614236e-01
 2.01400000e+03 3.00000000e+00 2.40000000e+01 6.56610417e-01
 2.01400000e+03 4.00000000e+00 1.00000000e+00 9.90824769e-01
 2.01400000e+03 4.00000000e+00 1.00000000e+00 9.98597106e-01
 2.01400000e+03 4.00000000e+00 1.00000000e+00 9.99974421e-01
 2.01400000e+03 4.00000000e+00 2.00000000e+00 2.24201389e-03
 2.01400000e+03 4.00000000e+00 2.00000000e+00 2.34247685e-02
 2.01400000e+03 4.00000000e+00 2.00000000e+00 2.62633102e-02
 2.01400000e+03 4.00000000e+00 2.00000000e+00 1.98828356e-01
 2.01400000e+03 4.00000000e+00 2.00000000e+00 8.23507986e-01
 2.01400000e+03 4.00000000e+00 3.00000000e+00 8.22978009e-02
 2.01400000e+03 4.00000000e+00 3.00000000e+00 1.13346181e-01
 2.01400000e+03 4.00000000e+00 3.00000000e+00 1.22280787e-01
 2.01400000e+03 4.00000000e+00 3.00000000e+00 1.24926157e-01
 2.01400000e+03 4.00000000e+00 3.00000000e+00 1.32806366e-01
 2.01400000e+03 4.00000000e+00 3.00000000e+00 1.33004977e-01
 2.01400000e+03 4.00000000e+00 3.00000000e+00 2.21591667e-01
 2.01400000e+03 4.00000000e+00 3.00000000e+00 2.26570602e-01
 2.01400000e+03 4.00000000e+00 3.00000000e+00 2.32309954e-01
 2.01400000e+03 4.00000000e+00 3.00000000e+00 2.44265046e-01
 2.01400000e+03 4.00000000e+00 3.00000000e+00 3.91227315e-01
 2.01400000e+03 4.00000000e+00 4.00000000e+00 6.79464120e-02
 2.01400000e+03 4.00000000e+00 5.00000000e+00 2.39541782e-01
 2.01400000e+03 4.00000000e+00 7.00000000e+00 5.71770949e-01
 2.01400000e+03 4.00000000e+00 7.00000000e+00 5.74691319e-01
 2.01400000e+03 4.00000000e+00 8.00000000e+00 4.26754398e-01
 2.01400000e+03 4.00000000e+00 1.10000000e+01 1.21770833e-03
 2.01400000e+03 4.00000000e+00 1.10000000e+01 5.00597685e-01
 2.01400000e+03 4.00000000e+00 1.30000000e+01 5.07987037e-01
 2.01400000e+03 4.00000000e+00 1.50000000e+01 6.73316435e-01
 2.01400000e+03 4.00000000e+00 1.90000000e+01 8.71322685e-01
 2.01400000e+03 5.00000000e+00 5.00000000e+00 4.73118171e-01
 2.01400000e+03 5.00000000e+00 1.70000000e+01 3.82701273e-01
 2.01400000e+03 6.00000000e+00 1.90000000e+01 4.01806481e-01
 2.01400000e+03 6.00000000e+00 1.90000000e+01 8.29223495e-01
 2.01400000e+03 6.00000000e+00 2.00000000e+01 8.28841088e-01
 2.01400000e+03 6.00000000e+00 2.00000000e+01 8.48924884e-01
 2.01400000e+03 7.00000000e+00 1.30000000e+01 8.71001852e-01
 2.01400000e+03 7.00000000e+00 2.10000000e+01 1.48980324e-02
 2.01400000e+03 8.00000000e+00 1.40000000e+01 2.02546296e-03
 2.01400000e+03 1.00000000e+01 7.00000000e+00 2.14699074e-01
 2.01500000e+03 3.00000000e+00 2.30000000e+01 2.02523264e-01
 2.01500000e+03 7.00000000e+00 2.40000000e+01 9.68513426e-01
 2.01500000e+03 9.00000000e+00 1.60000000e+01 9.54546991e-01
 2.01700000e+03 1.00000000e+00 3.00000000e+00 5.70745370e-01
 2.01700000e+03 1.00000000e+01 1.00000000e+01 2.72467245e-01
 2.01800000e+03 1.00000000e+00 2.10000000e+01 4.63276620e-02
 2.01800000e+03 4.00000000e+00 5.00000000e+00 4.66789352e-01
 2.01800000e+03 1.10000000e+01 1.00000000e+00 9.30459375e-01
 2.02000000e+03 6.00000000e+00 3.00000000e+00 3.16394282e-01
 2.02000000e+03 7.00000000e+00 1.70000000e+01 2.36531250e-01
 2.02000000e+03 9.00000000e+00 1.10000000e+01 3.16634109e-01
 2.02000000e+03 1.20000000e+01 6.00000000e+00 6.99799109e-01
 2.02100000e+03 1.00000000e+00 3.00000000e+01 5.59016898e-01
